5	1.606358
6	0.06422
7	7.34306525
8	2.833415375
9	49.7505315897
10	0.548072547964
11	0.986312769485
12	0.296481388677
13	0.414479255743
14	0.446678384494
15	0.517993607513
16	0.468219828283
17	0.844124459982
18	0.332505307054
19	2.57880067147
20	0.751598419672
21	0.446772859519
22	0.617477748833
23	3.3212020597
24	0.391624899384
25	0.879651031283
26	1.85167286861
27	1.31979800716
28	0.414147959184
29	0.749272273734
30	0.640440874539
31	0.865133858546
32	0.938494416503
33	1.09699357931
34	0.498818316667
35	1.45716972222
36	1.69018179301
37	0.561767696774
38	1.58360127372
39	1.41274707986
40	1.51381958308
41	0.665134555556
42	4.5126610855
43	2.44358421577
44	1.6320618898
45	4.97172274439
46	2.13946944712
47	4.07605960289
48	1.90448347961
49	0.701137631127
50	0.519757351613
51	1.84931475172
52	1.76627480808
53	3.23699125316
54	0.488318431373
55	0.53065087
56	0.84536152809
57	1.48065411538
58	0.728306450704
59	0.642536428571
60	2.51197554945
61	0.365434485294
62	0.60556504
63	2.28655051111
64	3.0406562449
65	0.782989796296
66	8.61413597619
67	0.76083
68	1.90177190196
69	1.09448679487
70	0.502958666667
71	1.31972119512
72	1.78785144118
73	0.574479090909
74	8.24641636957
75	0.305342176471
76	3.98179637037
77	0.185527923077
78	5.07434522581
79	1.79055673077
80	0.876368825
81	0.536776407407
82	0.714877894737
83	2.5554593125
84	5.82397537931
85	1.22560134783
86	1.8494510625
87	3.47740638462
88	0.298213052632
89	0.0274492857143
90	0.73410925
91	5.21024248387
92	0.628270380952
93	0.14377496
94	2.51087961905
95	0.23449147619
96	0.9159367
97	9.03332345455
98	1.98402194118
99	5.90165879167
100	1.52934088889
101	2599.37079882
102	0.1619391
103	0.815261714286
104	1.78553958333
105	1.83956830769
106	0.8024650625
107	4.13437772222
108	2.3753771
109	3.46636953333
110	0.277943066667
111	0.0355588571429
112	0.0228524285714
113	7.52205623077
114	2.71185616667
115	0.139650375
116	1.76064776923
117	3.68146685714
118	0.514376818182
119	4.02654245455
120	0.0664227777778
121	25.5836492222
122	6.28813545455
123	0.353509285714
124	0.125630857143
125	0.0954945714286
126	0.0076275
127	2.23744575
128	0.1438866
129	0.544603777778
130	0.635463
131	2.333333
132	0.053345
133	30.800946
134	2.13776466667
135	16.87790325
136	0.0813376666667
137	1.4053998
138	9.3703905
139	4.430643125
140	0.149971
141	0.2148474
142	2.01190675
143	0.0247175
144	1.313814
145	0.1233223
146	1.2583068
147	2.817944
148	0.024459
149	3.388889
150	5.400414375
151	0.0976935714286
152	0.6146666
153	0.0194363333333
154	2.13544625
155	0.0486856666667
156	6.96666666667
157	6.6465396
158	0.041494
159	0.028783
160	0.52980475
161	0.0320783333333
162	1.69464475
163	0.038314
164	0.0388126666667
165	0.012976
166	1.1904772
167	0.076872
168	0.0266495
169	0.31462225
170	0.0335133333333
171	0.016348
172	2.95294133333
173	61.5133192
174	0.0771005
175	0.118374
176	0.018264
179	0.0269296666667
180	0.076109375
181	0.024691
182	2.8621372
183	0.011444
185	4.3385425
186	15.27081
187	9.75
188	0.523828666667
189	4.0913115
190	18.500856
191	0.0692545
193	0.027473
195	0.040698
196	0.223077
197	0.5096385
198	0.013326
199	0.0208335
200	0.548021
201	0.002545
202	6.336229
203	0.704762
204	0.006276
546	0.029412
206	0.021845
207	0.03650375
208	0.0346503333333
209	0.0209785
210	0.1992025
211	0.015544
213	0.081081
214	51.3411096667
215	282.122449
216	0.6666665
220	0.014028
221	0.0817805
222	3.8
223	0.0812255
224	0.12365225
225	8.78463433333
226	0.021318
227	7.84932933333
228	0.035209
230	1.0
231	0.25998
232	1.630769
233	0.2
234	0.007937
235	0.1768815
236	0.25588925
237	0.029661
238	0.028037
240	8.062544
1064	0.018443
244	1.0185185
246	0.120547
247	18.9652015
249	0.04
250	0.0105126666667
252	0.04
253	0.071611
255	0.039298
256	0.013362
257	0.0625
258	0.046352
259	11.408451
261	0.0
262	0.107345
263	0.01719
266	4.6389555
268	98.3949596667
1034	0.019737
270	21.85
271	0.016393
273	3.833333
279	0.017628
283	0.047945
288	2.8
555	0.027211
294	0.014019
561	0.179837
296	8.2
300	7568.02906075
303	44.625
692	0.013514
308	0.015639
309	1.0
310	0.0113635
312	0.164179
318	0.0199955
736	0.010676
322	4.714286
701	0.142857
328	0.0473165
329	0.057627
331	0.045249
332	54.319793
335	38.277778
336	0.176471
338	0.010526
344	0.22
351	0.79811
352	0.030943
356	27.0
657	0.346939
360	0.002565
362	0.022371
366	0.043643
882	0.029536
371	0.2
374	0.0
378	0.025447
379	0.009604
384	88.0
385	0.0
900	0.012252
391	0.12
393	41.333333
394	0.218045
1053	0.038278
398	9.461078
401	4.656489
403	0.0
410	15.073519
413	0.210884
549	0.082056
415	0.083333
1054	0.006579
424	0.157895
938	0.054167
434	0.012346
632	0.025148
443	0.376
449	0.081871
450	0.0
456	0.006098
461	0.096
478	0.0
485	0.058252
486	0.016529
497	0.115789
499	0.113485
500	0.1230645
505	0.005882
634	0.084967
